1953    1830    1856    1935   1889     1873    1953    1926
1957      1828    1856    1936   1889     1873    1960    1924
1957      1826    1858    1934   1895     1873    1961    1924
1953      1828    1854    1927   1897     1873    1961    1924
1953      1831    1854    1927   1901     1873    1961    1920
1958      1835    1857    1925   1900     1877    1967    1919
1956      1835    1861    1929   1900     1876    1970    1925
1951      1831    1861    1936   1900     1878    1968    1923
1949      1836    1862    1927   1904     1880    1961    1922
1956      1841    1859    1925   1904     1879    1964    1923
1951      1845    1861    1927   1901     1878    1966    1924
1951      1845    1861    1929   1895     1878    1969    1925
1951      1844    1863    1931   1897     1880    1969    1926
1953      1842    1870    1935   1904     1877    1969    1932
1959      1840    1872    1936   1902     1879    1967    1931
1959      1843    1868    1936   1900     1879    1964    1933
1957      1844    1868    1936   1905     1881    1968    1934
1957      1846    1862    1934   1905     1877    1969    1932
1957      1842    1860    1935   1904     1875    1968    1927
1961      1844    1863    1937   1905     1884    1969    1926
1968      1846    1874    1937   1911     1881    1969    1926
1966      1847    1869    1936   1909     1886    1972    1927
1966      1847    1873    1936   1909     1892    1972    1927
1968      1852    1878    1941   1911     1891    1969    1927
1968      1847    1877    1937   1905     1892    1968    1932
1966      1846    1876    1941   1904     1892    1966    1932
1959      1847    1879    1945   1905     1892    1972    1933
1966      1847    1879    1945   1908     1892    1974    1936
1968      1846    1879    1943   1905     1888    1969    1934
1968      1852    1887    1943   1905     1889    1973    1938
1968      1854    1886    1943   1909     1889    1973    1940
1968      1862    1886    1951   1911     1888    1973    1940
1969      1860    1890    1951   1911     1885    1977    1938
1966      1857    1895    1953   1913     1892    1975    1940
1968      1853    1893    1949   1911     1892    1975    1941
1968      1854    1886    1943   1911     1889    1977    1941
1966      1860    1892    1947   1913     1895    1984    1940
1967      1861    1887    1949   1918     1895    1989    1940
1965      1863    1889    1949   1918     1895    1988    1940
1964      1869    1895    1949   1916     1895    1982    1940
1969      1871    1900    1951   1917     1897    1985    1936
1973      1870    1900    1949   1917     1896    1985    1936
1969      1870    1902    1943   1916     1893    1984    1938
1969      1874    1906    1949   1913     1897    1985    1944
1968      1876    1902    1951   1917     1897    1984    1939
1966      1877    1903    1951   1916     1908    1975    1936
1968      1879    1902    1956   1917     1905    1977    1940
1968      1879    1902    1951   1917     1905    1981    1943
1968      1878    1902    1951   1911     1904    1977    1940
1969      1878    1904    1958   1917     1904    1985    1933
1969      1876    1908    1959   1917     1901    1984    1934
1972      1875    1904    1957   1922     1905    1988    1939
1969      1881    1904    1953   1918     1905    1988    1940
1969      1885    1905    1957   1922     1908    1988    1940
1973      1882    1902    1959   1925     1905    1986    1937
1969      1879    1900    1965   1925     1904    1985    1931
1973      1886    1908    1966   1923     1909    1988    1936
1973      1888    1910    1959   1921     1913    1989    1937
1973      1890    1908    1959   1917     1909    1985    1940
1972      1887    1909    1968   1920     1911    1988    1940
1973      1892    1910    1968   1925     1913    1991    1941
1973      1892    1908    1959   1921     1913    1985    1942
1973      1892    1908    1959   1921     1915    1989    1941
1975      1887    1909    1968   1925     1916    1992    1941
1974      1893    1911    1969   1928     1918    1986    1941
1973      1892    1914    1970   1925     1913    1985    1945
1973      1892    1916    1973   1933     1913    1987    1951
1974      1887    1911    1973   1932     1911    1990    1950
1977      1886    1911    1970   1927     1913    1989    1948
1975      1887    1919    1969   1928     1911    1988    1943
1973      1892    1920    1969   1925     1913    1987    1945
1973      1892    1918    1967   1927     1915    1985    1949
1988      1919    1943    1985   1952     1940    2001    1969
2011      1980    1991    2023   2000     1981    2037    2012
2039      2044    2044    2065   2047     2028    2078    2055
2064      2087    2079    2091   2080     2064    2109    2081
2071      2117    2112    2113   2104     2093    2133    2105
2084      2141    2132    2121   2121     2108    2152    2119
2085      2146    2134    2127   2128     2109    2155    2126
2083      2140    2132    2126   2119     2105    2160    2121
2073      2126    2118    2118   2103     2089    2141    2116
2063      2096    2087    2096   2084     2068    2118    2087
2049      2060    2060    2071   2055     2037    2096    2065
2032      2006    2014    2039   2015     2001    2061    2033
1998      1941    1959    2001   1968     1951    2015    1985
1973      1892    1911    1972   1929     1909    1985    1952
1968      1884    1906    1959   1925     1904    1977    1942
1973      1885    1909    1965   1924     1908    1982    1941
1975      1887    1911    1968   1925     1910    1980    1943
1975      1887    1919    1968   1925     1910    1980    1943
1975      1893    1919    1969   1926     1911    1984    1945
1974      1893    1917    1968   1920     1913    1980    1943
1975      1887    1917    1968   1919     1911    1975    1947
1973      1892    1922    1968   1917     1917    1981    1945
1977      1892    1916    1964   1911     1911    1985    1945
1979      1892    1922    1959   1913     1913    1984    1943
1975      1895    1924    1957   1919     1913    1984    1944
1974      1900    1919    1968   1920     1916    1982    1942
1972      1895    1924    1965   1916     1918    1984    1941
1964      1870    1894    1943   1893     1895    1972    1925
1920      1750    1756    1831   1801     1774    1924    1847
1884      1644    1620    1725   1723     1662    1884    1791
2013      1974    1926    1901   2020     1957    2036    1989
2241      2588    2516    2260   2549     2501    2295    2341
2497      3239    3156    2647   3121     3088    2583    2724
2737      3870    3772    3031   3671     3637    2864    3097
2841      4022    4022    3191   3845     3840    2917    3160
2661      3582    3558    2900   3221     3353    2549    2624
2385      2726    2838    2454   2342     2672    2055    1897
2121      1934    2151    2032   1533     2060    1573    1212
1902      1316    1605    1689   0887     1600    1181    0656
1854      1296    1527    1659   0997     1561    1306    0900
1911      1652    1733    1823   1585     1766    1735    1591
1950      1863    1863    1921   1905     1890    1964    1951
1960      1876    1878    1942   1936     1895    1991    1977
1960      1852    1870    1938   1905     1879    1982    1951
1953      1844    1868    1934   1895     1877    1981    1941
1956      1847    1872    1936   1895     1873    1977    1945
1957      1852    1868    1936   1900     1879    1974    1951
1957      1856    1872    1940   1905     1877    1973    1951
1957      1856    1876    1941   1909     1878    1975    1950
1956      1860    1877    1944   1904     1879    1975    1949
1960      1863    1879    1949   1905     1884    1989    1958
1959      1873    1885    1949   1916     1892    1991    1957
1961      1878    1886    1951   1919     1893    1993    1961
1972      1879    1887    1951   1924     1895    1991    1964
1971      1894    1904    1958   1936     1905    2000    1968
1976      1904    1911    1959   1941     1917    2005    1974
1982      1911    1916    1967   1951     1921    2013    1976
1985      1924    1926    1976   1959     1933    2021    1985
1985      1938    1940    1988   1972     1943    2023    1993
1991      1951    1950    1991   1975     1949    2032    2004
2004      1969    1966    2001   1985     1964    2036    2007
2007      1989    1984    2013   2005     1980    2044    2020
2013      2004    1996    2021   2023     1991    2047    2032
2019      2020    2007    2032   2039     2001    2057    2038
2029      2038    2022    2039   2055     2017    2065    2054
2035      2060    2048    2053   2071     2036    2079    2065
2045      2084    2062    2064   2087     2047    2087    2079
2052      2113    2086    2079   2112     2071    2102    2101
2056      2134    2106    2100   2131     2085    2112    2109
2068      2151    2118    2112   2143     2101    2124    2118
2084      2187    2151    2129   2173     2132    2135    2143
2101      2244    2196    2157   2224     2168    2165    2167
2119      2300    2237    2183   2261     2210    2190    2199
2135      2343    2271    2205   2297     2240    2214    2228
2151      2388    2309    2229   2336     2270    2238    2256
2161      2404    2321    2241   2353     2288    2246    2263
2150      2375    2305    2225   2333     2263    2230    2253
2137      2343    2277    2207   2305     2244    2214    2237
2129      2328    2257    2197   2279     2225    2205    2224
2128      2308    2247    2185   2269     2214    2190    2207
2115      2271    2223    2167   2241     2190    2174    2183
2080      2184    2143    2121   2167     2119    2133    2129
2032      2055    2038    2055   2065     2024    2069    2055
1989      1948    1948    1999   1973     1941    2017    1996
1968      1888    1895    1968   1918     1900    1990    1957
1951      1842    1860    1941   1887     1865    1969    1934
1941      1820    1841    1924   1863     1853    1959    1919
1945      1822    1847    1921   1862     1855    1956    1921
1944      1828    1854    1925   1861     1856    1953    1919
1945      1829    1854    1927   1869     1857    1951    1921
1945      1825    1853    1932   1871     1861    1951    1921
1943      1828    1854    1933   1872     1861    1953    1924
1943      1831    1847    1929   1867     1862    1958    1927
1945      1825    1848    1927   1869     1861    1953    1924
1945      1829    1853    1925   1872     1863    1958    1923
1949      1831    1856    1933   1872     1863    1959    1924
1949      1832    1849    1927   1873     1863    1955    1921
1951      1833    1849    1929   1872     1863    1959    1925
1951      1840    1853    1933   1876     1863    1965    1925
1956      1841    1853    1936   1872     1863    1969    1929
1952      1838    1855    1937   1865     1869    1968    1927
1951      1840    1859    1937   1868     1871    1969    1929
1952      1844    1862    1937   1872     1865    1961    1927
1952      1844    1862    1939   1865     1872    1960    1927
1956      1847    1863    1939   1872     1876    1959    1932
1956      1847    1861    1941   1876     1879    1965    1929
1956      1845    1864    1942   1877     1877    1961    1928
1956      1847    1863    1941   1873     1876    1959    1927
1953      1852    1863    1943   1875     1873    1961    1932
1953      1852    1866    1943   1881     1873    1961    1927
1956      1847    1867    1945   1886     1878    1959    1937
1958      1847    1867    1945   1886     1879    1965    1937
1956      1847    1870    1948   1885     1884    1964    1935
1957      1852    1872    1943   1887     1877    1968    1932
1958      1857    1873    1945   1885     1879    1966    1933
1960      1860    1876    1955   1881     1885    1969    1934
1961      1860    1872    1956   1885     1881    1968    1934
1965      1861    1875    1952   1886     1879    1969    1937
1961      1860    1886    1951   1885     1885    1969    1936
1957      1860    1884    1951   1885     1885    1969    1934
1961      1854    1878    1949   1885     1885    1968    1932
1957      1854    1884    1949   1887     1888    1969    1934
1958      1857    1887    1951   1892     1887    1974    1937
1959      1861    1887    1949   1888     1892    1972    1941
1953      1862    1884    1951   1887     1885    1971    1942
1956      1863    1887    1949   1893     1886    1974    1943
1957      1862    1886    1951   1893     1881    1977    1942
1958      1863    1887    1951   1889     1879    1974    1941
1956      1872    1887    1953   1895     1887    1975    1941
1951      1869    1887    1951   1896     1887    1974    1943
1953      1868    1884    1951   1895     1889    1971    1942
1956      1872    1885    1953   1900     1894    1974    1943
1957      1876    1886    1956   1905     1889    1977    1942
1961      1876    1886    1956   1904     1889    1969    1942
1965      1873    1885    1957   1904     1894    1974    1943
1961      1872    1892    1959   1907     1896    1977    1940
1961      1870    1894    1959   1905     1893    1973    1938
1959      1872    1895    1957   1902     1895    1975    1939
1961      1878    1895    1965   1904     1897    1977    1942
1968      1878    1894    1965   1909     1896    1977    1940
1964      1876    1894    1959   1909     1897    1976    1938
1968      1876    1894    1959   1909     1904    1981    1940
1959      1875    1895    1961   1912     1908    1975    1943
1961      1878    1895    1959   1905     1897    1977    1938
1968      1884    1895    1959   1908     1904    1977    1940
1969      1886    1895    1964   1909     1908    1981    1942
1975      1881    1897    1960   1910     1908    1975    1941
1973      1878    1902    1959   1909     1904    1976    1943
1969      1879    1902    1959   1911     1899    1973    1948
1969      1885    1904    1957   1910     1903    1975    1943
1969      1884    1895    1957   1909     1897    1973    1940
1969      1879    1895    1959   1913     1901    1981    1940
1968      1878    1906    1959   1917     1905    1985    1940
1966      1877    1909    1961   1916     1902    1980    1943
1961      1884    1908    1959   1917     1904    1981    1940
1959      1891    1905    1961   1918     1908    1975    1943
1969      1892    1908    1959   1911     1905    1977    1943
1969      1887    1910    1959   1913     1905    1977    1942
1969      1889    1911    1961   1918     1911    1975    1943
1968      1892    1910    1959   1917     1913    1977    1942
1968      1890    1916    1959   1913     1913    1979    1943
1972      1891    1917    1969   1914     1911    1984    1945
1969      1892    1918    1974   1915     1909    1981    1948
1969      1892    1911    1972   1917     1913    1977    1942
1973      1894    1916    1970   1917     1912    1977    1940
1975      1895    1919    1968   1920     1911    1988    1943
1977      1900    1924    1968   1925     1913    1985    1950
1991      1936    1957    1989   1950     1943    2007    1977
2020      2000    2007    2032   2004     2004    2047    2023
2041      2054    2064    2070   2045     2041    2089    2064
2055      2093    2099    2089   2076     2071    2119    2087
2070      2128    2125    2107   2097     2100    2142    2116
2078      2143    2141    2115   2116     2110    2148    2132
2077      2140    2142    2116   2117     2105    2149    2128
2079      2135    2139    2113   2116     2103    2150    2128
2065      2118    2118    2103   2097     2085    2133    2110
2055      2085    2087    2085   2068     2060    2112    2085
2039      2047    2047    2064   2040     2023    2084    2055
2015      2000    2002    2025   2000     1984    2046    2015
1985      1932    1942    1989   1947     1937    2001    1968
1974      1885    1911    1959   1916     1910    1974    1941
1969      1884    1904    1959   1913     1904    1968    1936
1973      1887    1911    1961   1918     1908    1967    1936
1972      1887    1909    1961   1920     1908    1968    1937
1973      1892    1908    1959   1919     1905    1969    1940
1969      1892    1910    1959   1921     1909    1973    1938
1973      1894    1910    1959   1917     1909    1971    1942
1977      1894    1911    1959   1917     1905    1969    1936
1977      1895    1919    1958   1921     1909    1973    1934
1973      1895    1924    1959   1925     1913    1973    1934
1974      1895    1924    1961   1924     1911    1972    1937
1976      1895    1918    1959   1925     1912    1977    1942
1981      1895    1922    1959   1925     1915    1973    1942
1981      1894    1918    1959   1923     1913    1973    1940
1964      1857    1869    1917   1885     1876    1951    1911
1909      1719    1712    1799   1783     1731    1896    1822
1904      1682    1646    1742   1771     1685    1893    1806
2069      2107    2045    1977   2140     2069    2079    2055
2310      2743    2663    2345   2681     2631    2356    2423
2555      3398    3302    2740   3251     3209    2640    2806
2791      3999    3895    3109   3785     3735    2903    3167
2832      4020    3966    3143   3749     3760    2853    3072
2661      3582    3558    2900   3221     3353    2549    2624
2385      2726    2838    2454   2342     2672    2055    1897
2121      1934    2151    2032   1533     2060    1573    1212
1902      1316    1605    1689   0887     1600    1181    0656
1854      1296    1527    1659   0997     1561    1306    0900
1911      1652    1733    1823   1585     1766    1735    1591
1950      1863    1863    1921   1905     1890    1964    1951
1960      1876    1878    1942   1936     1895    1991    1977
1960      1852    1870    1938   1905     1879    1982    1951
1953      1844    1868    1934   1895     1877    1981    1941
1956      1847    1872    1936   1895     1873    1977    1945
1957      1852    1868    1936   1900     1879    1974    1951
1957      1856    1872    1940   1905     1877    1973    1951
1957      1856    1876    1941   1909     1878    1975    1950
1956      1860    1877    1944   1904     1879    1975    1949
1960      1863    1879    1949   1905     1884    1989    1958
1959      1873    1885    1949   1916     1892    1991    1957
1961      1878    1886    1951   1919     1893    1993    1961
1972      1879    1887    1951   1924     1895    1991    1964
1971      1894    1904    1958   1936     1905    2000    1968
1976      1904    1911    1959   1941     1917    2005    1974
1982      1911    1916    1967   1951     1921    2013    1976
1985      1924    1926    1976   1959     1933    2021    1985
1985      1938    1940    1988   1972     1943    2023    1993
1991      1951    1950    1991   1975     1949    2032    2004
2004      1969    1966    2001   1985     1964    2036    2007
2007      1989    1984    2013   2005     1980    2044    2020
2013      2004    1996    2021   2023     1991    2047    2032
2019      2020    2007    2032   2039     2001    2057    2038
2029      2038    2022    2039   2055     2017    2065    2054
2035      2060    2048    2053   2071     2036    2079    2065
2045      2084    2062    2064   2087     2047    2087    2079
2052      2113    2086    2079   2112     2071    2102    2101
2056      2134    2106    2100   2131     2085    2112    2109
2068      2151    2118    2112   2143     2101    2124    2118
2084      2187    2151    2129   2173     2132    2135    2143
2101      2244    2196    2157   2224     2168    2165    2167
2119      2300    2237    2183   2261     2210    2190    2199
2135      2343    2271    2205   2297     2240    2214    2228
2151      2388    2309    2229   2336     2270    2238    2256
2161      2404    2321    2241   2353     2288    2246    2263
2150      2375    2305    2225   2333     2263    2230    2253
2137      2343    2277    2207   2305     2244    2214    2237
2129      2328    2257    2197   2279     2225    2205    2224
2128      2308    2247    2185   2269     2214    2190    2207
2115      2271    2223    2167   2241     2190    2174    2183
2080      2184    2143    2121   2167     2119    2133    2129
2032      2055    2038    2055   2065     2024    2069    2055
1989      1948    1948    1999   1973     1941    2017    1996
1968      1888    1895    1968   1918     1900    1990    1957
1951      1842    1860    1941   1887     1865    1969    1934
1941      1820    1841    1924   1863     1853    1959    1919
1945      1822    1847    1921   1862     1855    1956    1921
1944      1828    1854    1925   1861     1856    1953    1919
1945      1829    1854    1927   1869     1857    1951    1921
1945      1825    1853    1932   1871     1861    1951    1921
1943      1828    1854    1933   1872     1861    1953    1924
1943      1831    1847    1929   1867     1862    1958    1927
1945      1825    1848    1927   1869     1861    1953    1924
1945      1829    1853    1925   1872     1863    1958    1923
1949      1831    1856    1933   1872     1863    1959    1924
1949      1832    1849    1927   1873     1863    1955    1921
1951      1833    1849    1929   1872     1863    1959    1925
1951      1840    1853    1933   1876     1863    1965    1925
1956      1841    1853    1936   1872     1863    1969    1929
1952      1838    1855    1937   1865     1869    1968    1927
1951      1840    1859    1937   1868     1871    1969    1929
1952      1844    1862    1937   1872     1865    1961    1927
1952      1844    1862    1939   1865     1872    1960    1927
1956      1847    1863    1939   1872     1876    1959    1932
1956      1847    1861    1941   1876     1879    1965    1929
1956      1845    1864    1942   1877     1877    1961    1928
1956      1847    1863    1941   1873     1876    1959    1927
1953      1852    1863    1943   1875     1873    1961    1932
1953      1852    1866    1943   1881     1873    1961    1927
1956      1847    1867    1945   1886     1878    1959    1937
1958      1847    1867    1945   1886     1879    1965    1937
1956      1847    1870    1948   1885     1884    1964    1935
1957      1852    1872    1943   1887     1877    1968    1932
1958      1857    1873    1945   1885     1879    1966    1933
1960      1860    1876    1955   1881     1885    1969    1934
1961      1860    1872    1956   1885     1881    1968    1934
1965      1861    1875    1952   1886     1879    1969    1937
1961      1860    1886    1951   1885     1885    1969    1936
1957      1860    1884    1951   1885     1885    1969    1934
1961      1854    1878    1949   1885     1885    1968    1932
1957      1854    1884    1949   1887     1888    1969    1934
1958      1857    1887    1951   1892     1887    1974    1937
1959      1861    1887    1949   1888     1892    1972    1941
1953      1862    1884    1951   1887     1885    1971    1942
1956      1863    1887    1949   1893     1886    1974    1943
1957      1862    1886    1951   1893     1881    1977    1942
1958      1863    1887    1951   1889     1879    1974    1941
1956      1872    1887    1953   1895     1887    1975    1941
1951      1869    1887    1951   1896     1887    1974    1943
1953      1868    1884    1951   1895     1889    1971    1942
1956      1872    1885    1953   1900     1894    1974    1943
1957      1876    1886    1956   1905     1889    1977    1942
1961      1876    1886    1956   1904     1889    1969    1942
1965      1873    1885    1957   1904     1894    1974    1943
1961      1872    1892    1959   1907     1896    1977    1940
1961      1870    1894    1959   1905     1893    1973    1938
1959      1872    1895    1957   1902     1895    1975    1939
1961      1878    1895    1965   1904     1897    1977    1942
1968      1878    1894    1965   1909     1896    1977    1940
1964      1876    1894    1959   1909     1897    1976    1938
1968      1876    1894    1959   1909     1904    1981    1940
1959      1875    1895    1961   1912     1908    1975    1943
1961      1878    1895    1959   1905     1897    1977    1938
1968      1884    1895    1959   1908     1904    1977    1940
1969      1886    1895    1964   1909     1908    1981    1942
1975      1881    1897    1960   1910     1908    1975    1941
1973      1878    1902    1959   1909     1904    1976    1943
1969      1879    1902    1959   1911     1899    1973    1948
1969      1885    1904    1957   1910     1903    1975    1943
1969      1884    1895    1957   1909     1897    1973    1940
1969      1879    1895    1959   1913     1901    1981    1940
1968      1878    1906    1959   1917     1905    1985    1940
1966      1877    1909    1961   1916     1902    1980    1943
1961      1884    1908    1959   1917     1904    1981    1940
1959      1891    1905    1961   1918     1908    1975    1943
1969      1892    1908    1959   1911     1905    1977    1943
1969      1887    1910    1959   1913     1905    1977    1942
1969      1889    1911    1961   1918     1911    1975    1943
1968      1892    1910    1959   1917     1913    1977    1942
1968      1890    1916    1959   1913     1913    1979    1943
1972      1891    1917    1969   1914     1911    1984    1945
1969      1892    1918    1974   1915     1909    1981    1948
1969      1892    1911    1972   1917     1913    1977    1942
1973      1894    1916    1970   1917     1912    1977    1940
1975      1895    1919    1968   1920     1911    1988    1943
1977      1900    1924    1968   1925     1913    1985    1950
1991      1936    1957    1989   1950     1943    2007    1977
2020      2000    2007    2032   2004     2004    2047    2023
2041      2054    2064    2070   2045     2041    2089    2064
2055      2093    2099    2089   2076     2071    2119    2087
2070      2128    2125    2107   2097     2100    2142    2116
2078      2143    2141    2115   2116     2110    2148    2132
2077      2140    2142    2116   2117     2105    2149    2128
2079      2135    2139    2113   2116     2103    2150    2128
2065      2118    2118    2103   2097     2085    2133    2110
2055      2085    2087    2085   2068     2060    2112    2085
2039      2047    2047    2064   2040     2023    2084    2055
2015      2000    2002    2025   2000     1984    2046    2015
1985      1932    1942    1989   1947     1937    2001    1968
1974      1885    1911    1959   1916     1910    1974    1941
1969      1884    1904    1959   1913     1904    1968    1936
1973      1887    1911    1961   1918     1908    1967    1936
1972      1887    1909    1961   1920     1908    1968    1937
1973      1892    1908    1959   1919     1905    1969    1940
1969      1892    1910    1959   1921     1909    1973    1938
1973      1894    1910    1959   1917     1909    1971    1942
1977      1894    1911    1959   1917     1905    1969    1936
1977      1895    1919    1958   1921     1909    1973    1934
1973      1895    1924    1959   1925     1913    1973    1934
1974      1895    1924    1961   1924     1911    1972    1937
1976      1895    1918    1959   1925     1912    1977    1942
1981      1895    1922    1959   1925     1915    1973    1942
1981      1894    1918    1959   1923     1913    1973    1940
